x1 = -0.07692307692307694
x2 = -0.8461538461538464
x3 = 2.076923076923077
